,chrome.exe,explorer.exe,Teams.exe,Zoom.exe,HxOutlook.exe,SearchApp.exe,LockApp.exe,WINWORD.EXE,DB Browser for SQLite.exe,Spotify.exe,SystemSettings.exe,ShellExperienceHost.exe,ApplicationFrameHost.exe,msedge.exe,cmd.exe,Code.exe,Microsoft.AAD.BrokerPlugin.exe,Discord.exe,StartMenuExperienceHost.exe,HxCalendarAppImm.exe,PickerHost.exe,zCefAgent.exe,notepad++.exe,python.exe,ScreenClippingHost.exe,devenv.exe,notepad.exe,vpnui.exe,GUP.exe,SupportAssistClientUI.exe,Docker Desktop.exe,spotify_installer-1.1.74.631.g0b24d9ad-16.exe,Installer.exe,OpenWith.exe
chrome.exe,0.08,0.4,0.0,0.36,0.0,0.08,0.0,0.0,0.0,0.0,0.0,0.04,0.0,0.0,0.0,0.0,0.0,0.0,0.0,0.0,0.0,0.0,0.0,0.04,0.0,0.0,0.0,0.0,0.0,0.0,0.0,0.0,0.0,0.0
explorer.exe,0.014492753623188406,0.0,0.018115942028985508,0.38405797101449274,0.021739130434782608,0.13043478260869565,0.0,0.057971014492753624,0.036231884057971016,0.036231884057971016,0.07971014492753623,0.057971014492753624,0.0,0.014492753623188406,0.0036231884057971015,0.0,0.018115942028985508,0.025362318840579712,0.0,0.025362318840579712,0.0,0.0,0.0,0.05434782608695652,0.0,0.007246376811594203,0.0,0.0,0.0036231884057971015,0.0,0.0036231884057971015,0.0036231884057971015,0.0036231884057971015,0.0
Teams.exe,0.0,0.1875,0.0,0.59375,0.0625,0.03125,0.0,0.0,0.0,0.0625,0.0,0.0,0.0,0.0,0.0,0.03125,0.0,0.0,0.0,0.0,0.0,0.0,0.0,0.0,0.0,0.0,0.03125,0.0,0.0,0.0,0.0,0.0,0.0,0.0
Zoom.exe,0.015717092337917484,0.18467583497053044,0.021611001964636542,0.04911591355599214,0.10805500982318271,0.10019646365422397,0.0019646365422396855,0.023575638506876228,0.12573673870333987,0.09430255402750491,0.06483300589390963,0.05893909626719057,0.0,0.003929273084479371,0.0,0.005893909626719057,0.005893909626719057,0.0412573673870334,0.0019646365422396855,0.03732809430255403,0.0019646365422396855,0.0,0.0019646365422396855,0.03732809430255403,0.0019646365422396855,0.0,0.0,0.0,0.0,0.0019646365422396855,0.0,0.0,0.009823182711198428,0.0
HxOutlook.exe,0.0,0.6805555555555556,0.0,0.2638888888888889,0.0,0.0,0.0,0.0,0.041666666666666664,0.0,0.0,0.0,0.0,0.0,0.0,0.0,0.0,0.0,0.0,0.0,0.0,0.0,0.0,0.013888888888888888,0.0,0.0,0.0,0.0,0.0,0.0,0.0,0.0,0.0,0.0
SearchApp.exe,0.017094017094017096,0.29914529914529914,0.0,0.4700854700854701,0.0,0.0,0.06837606837606838,0.017094017094017096,0.02564102564102564,0.0,0.008547008547008548,0.0,0.0,0.0,0.0,0.008547008547008548,0.0,0.0,0.0,0.03418803418803419,0.0,0.0,0.0,0.017094017094017096,0.017094017094017096,0.0,0.0,0.0,0.008547008547008548,0.0,0.0,0.0,0.008547008547008548,0.0
LockApp.exe,0.0,0.0,0.0,0.3333333333333333,0.0,0.5555555555555556,0.0,0.0,0.0,0.0,0.0,0.0,0.1111111111111111,0.0,0.0,0.0,0.0,0.0,0.0,0.0,0.0,0.0,0.0,0.0,0.0,0.0,0.0,0.0,0.0,0.0,0.0,0.0,0.0,0.0
WINWORD.EXE,0.0,0.21212121212121213,0.0,0.3939393939393939,0.0,0.24242424242424243,0.0,0.0,0.06060606060606061,0.0,0.0,0.030303030303030304,0.0,0.0,0.0,0.0,0.0,0.0,0.0,0.0,0.0,0.0,0.0,0.0,0.0,0.0,0.0,0.030303030303030304,0.0,0.0,0.0,0.0,0.030303030303030304,0.0
DB Browser for SQLite.exe,0.0,0.18947368421052632,0.0,0.631578947368421,0.021052631578947368,0.010526315789473684,0.0,0.021052631578947368,0.0,0.0,0.031578947368421054,0.010526315789473684,0.0,0.0,0.0,0.0,0.0,0.0,0.0,0.021052631578947368,0.0,0.0,0.0,0.010526315789473684,0.0,0.0,0.042105263157894736,0.0,0.0,0.0,0.0,0.0,0.0,0.010526315789473684
Spotify.exe,0.0,0.019801980198019802,0.009900990099009901,0.25742574257425743,0.0,0.0,0.0,0.0,0.009900990099009901,0.27722772277227725,0.0,0.3564356435643564,0.0,0.019801980198019802,0.0,0.0,0.0,0.0,0.0,0.019801980198019802,0.0,0.0,0.0297029702970297,0.0,0.0,0.0,0.0,0.0,0.0,0.0,0.0,0.0,0.0,0.0
SystemSettings.exe,0.0,0.15714285714285714,0.014285714285714285,0.6,0.014285714285714285,0.014285714285714285,0.0,0.014285714285714285,0.07142857142857142,0.04285714285714286,0.0,0.0,0.0,0.0,0.0,0.0,0.0,0.04285714285714286,0.0,0.014285714285714285,0.0,0.0,0.0,0.0,0.0,0.014285714285714285,0.0,0.0,0.0,0.0,0.0,0.0,0.0,0.0
ShellExperienceHost.exe,0.0,0.09090909090909091,0.13636363636363635,0.2727272727272727,0.0,0.011363636363636364,0.0,0.0,0.0,0.06818181818181818,0.022727272727272728,0.0,0.056818181818181816,0.3068181818181818,0.0,0.0,0.0,0.0,0.0,0.0,0.0,0.011363636363636364,0.011363636363636364,0.0,0.0,0.0,0.0,0.0,0.0,0.011363636363636364,0.0,0.0,0.0,0.0
ApplicationFrameHost.exe,0.8333333333333334,0.0,0.0,0.0,0.0,0.0,0.0,0.0,0.0,0.0,0.0,0.0,0.0,0.0,0.16666666666666666,0.0,0.0,0.0,0.0,0.0,0.0,0.0,0.0,0.0,0.0,0.0,0.0,0.0,0.0,0.0,0.0,0.0,0.0,0.0
msedge.exe,0.0,0.08571428571428572,0.0,0.8,0.0,0.02857142857142857,0.0,0.0,0.0,0.05714285714285714,0.0,0.02857142857142857,0.0,0.0,0.0,0.0,0.0,0.0,0.0,0.0,0.0,0.0,0.0,0.0,0.0,0.0,0.0,0.0,0.0,0.0,0.0,0.0,0.0,0.0
cmd.exe,0.0,0.5,0.0,0.5,0.0,0.0,0.0,0.0,0.0,0.0,0.0,0.0,0.0,0.0,0.0,0.0,0.0,0.0,0.0,0.0,0.0,0.0,0.0,0.0,0.0,0.0,0.0,0.0,0.0,0.0,0.0,0.0,0.0,0.0
Code.exe,0.0,0.16666666666666666,0.0,0.5,0.0,0.0,0.0,0.0,0.0,0.0,0.0,0.16666666666666666,0.0,0.0,0.0,0.16666666666666666,0.0,0.0,0.0,0.0,0.0,0.0,0.0,0.0,0.0,0.0,0.0,0.0,0.0,0.0,0.0,0.0,0.0,0.0
Microsoft.AAD.BrokerPlugin.exe,0.125,0.375,0.0,0.25,0.0,0.0,0.0,0.0,0.125,0.0,0.0,0.0,0.0,0.0,0.0,0.0,0.0,0.0,0.0,0.0,0.0,0.0,0.0,0.0,0.0,0.125,0.0,0.0,0.0,0.0,0.0,0.0,0.0,0.0
Discord.exe,0.0,0.23333333333333334,0.0,0.5666666666666667,0.03333333333333333,0.0,0.0,0.0,0.0,0.0,0.16666666666666666,0.0,0.0,0.0,0.0,0.0,0.0,0.0,0.0,0.0,0.0,0.0,0.0,0.0,0.0,0.0,0.0,0.0,0.0,0.0,0.0,0.0,0.0,0.0
StartMenuExperienceHost.exe,0.0,0.0,0.0,1.0,0.0,0.0,0.0,0.0,0.0,0.0,0.0,0.0,0.0,0.0,0.0,0.0,0.0,0.0,0.0,0.0,0.0,0.0,0.0,0.0,0.0,0.0,0.0,0.0,0.0,0.0,0.0,0.0,0.0,0.0
HxCalendarAppImm.exe,0.02631578947368421,0.05263157894736842,0.02631578947368421,0.5263157894736842,0.05263157894736842,0.10526315789473684,0.0,0.0,0.05263157894736842,0.02631578947368421,0.05263157894736842,0.0,0.0,0.0,0.0,0.0,0.0,0.0,0.0,0.0,0.0,0.0,0.0,0.0,0.0,0.0,0.0,0.0,0.0,0.0,0.0,0.0,0.07894736842105263,0.0
PickerHost.exe,0.0,0.0,0.0,1.0,0.0,0.0,0.0,0.0,0.0,0.0,0.0,0.0,0.0,0.0,0.0,0.0,0.0,0.0,0.0,0.0,0.0,0.0,0.0,0.0,0.0,0.0,0.0,0.0,0.0,0.0,0.0,0.0,0.0,0.0
zCefAgent.exe,0.0,0.0,0.0,1.0,0.0,0.0,0.0,0.0,0.0,0.0,0.0,0.0,0.0,0.0,0.0,0.0,0.0,0.0,0.0,0.0,0.0,0.0,0.0,0.0,0.0,0.0,0.0,0.0,0.0,0.0,0.0,0.0,0.0,0.0
notepad++.exe,0.0,0.2,0.0,0.6,0.0,0.0,0.0,0.0,0.0,0.2,0.0,0.0,0.0,0.0,0.0,0.0,0.0,0.0,0.0,0.0,0.0,0.0,0.0,0.0,0.0,0.0,0.0,0.0,0.0,0.0,0.0,0.0,0.0,0.0
python.exe,0.025,0.375,0.0,0.45,0.075,0.05,0.0,0.0,0.0,0.0,0.0,0.0,0.0,0.0,0.0,0.0,0.0,0.0,0.0,0.0,0.0,0.0,0.0,0.025,0.0,0.0,0.0,0.0,0.0,0.0,0.0,0.0,0.0,0.0
ScreenClippingHost.exe,0.0,0.0,0.0,0.25,0.0,0.5,0.0,0.0,0.0,0.0,0.0,0.0,0.0,0.0,0.0,0.0,0.0,0.0,0.0,0.0,0.0,0.0,0.0,0.0,0.0,0.0,0.0,0.0,0.0,0.0,0.0,0.25,0.0,0.0
devenv.exe,0.0,0.25,0.0,0.5,0.0,0.0,0.0,0.0,0.0,0.0,0.25,0.0,0.0,0.0,0.0,0.0,0.0,0.0,0.0,0.0,0.0,0.0,0.0,0.0,0.0,0.0,0.0,0.0,0.0,0.0,0.0,0.0,0.0,0.0
notepad.exe,0.0,0.0,0.0,0.2,0.0,0.0,0.0,0.0,0.8,0.0,0.0,0.0,0.0,0.0,0.0,0.0,0.0,0.0,0.0,0.0,0.0,0.0,0.0,0.0,0.0,0.0,0.0,0.0,0.0,0.0,0.0,0.0,0.0,0.0
vpnui.exe,0.0,0.0,0.0,0.0,0.0,0.0,0.0,0.0,0.0,0.0,1.0,0.0,0.0,0.0,0.0,0.0,0.0,0.0,0.0,0.0,0.0,0.0,0.0,0.0,0.0,0.0,0.0,0.0,0.0,0.0,0.0,0.0,0.0,0.0
GUP.exe,0.0,0.5,0.0,0.0,0.0,0.5,0.0,0.0,0.0,0.0,0.0,0.0,0.0,0.0,0.0,0.0,0.0,0.0,0.0,0.0,0.0,0.0,0.0,0.0,0.0,0.0,0.0,0.0,0.0,0.0,0.0,0.0,0.0,0.0
SupportAssistClientUI.exe,0.0,0.0,0.0,1.0,0.0,0.0,0.0,0.0,0.0,0.0,0.0,0.0,0.0,0.0,0.0,0.0,0.0,0.0,0.0,0.0,0.0,0.0,0.0,0.0,0.0,0.0,0.0,0.0,0.0,0.0,0.0,0.0,0.0,0.0
Docker Desktop.exe,0.0,0.0,0.0,0.0,0.0,0.0,0.0,0.0,0.0,0.0,0.0,0.0,0.0,0.0,0.0,0.0,0.0,0.0,0.0,0.0,0.0,0.0,0.0,0.0,0.0,0.0,0.0,0.0,0.0,0.0,0.0,1.0,0.0,0.0
spotify_installer-1.1.74.631.g0b24d9ad-16.exe,0.0,0.0,0.0,0.5,0.0,0.0,0.0,0.0,0.0,0.0,0.0,0.0,0.0,0.0,0.0,0.0,0.0,0.0,0.0,0.0,0.0,0.0,0.0,0.0,0.25,0.0,0.0,0.0,0.0,0.0,0.25,0.0,0.0,0.0
Installer.exe,0.0,0.09090909090909091,0.0,0.45454545454545453,0.0,0.09090909090909091,0.0,0.0,0.0,0.0,0.0,0.09090909090909091,0.0,0.0,0.0,0.0,0.0,0.0,0.0,0.2727272727272727,0.0,0.0,0.0,0.0,0.0,0.0,0.0,0.0,0.0,0.0,0.0,0.0,0.0,0.0
OpenWith.exe,0.0,0.0,1.0,0.0,0.0,0.0,0.0,0.0,0.0,0.0,0.0,0.0,0.0,0.0,0.0,0.0,0.0,0.0,0.0,0.0,0.0,0.0,0.0,0.0,0.0,0.0,0.0,0.0,0.0,0.0,0.0,0.0,0.0,0.0
is_immersive,0.0,1.0,1.0,0.0,1.0,0.0,1.0,1.0,1.0,0.0,0.0,1.0,1.0,1.0,0.0,1.0,0.0,0.0,0.0,0.0,0.0,0.0,0.0,0.0,1.0,0.0,1.0,1.0,0.0,0.0,0.0,0.0,0.0,1.0
